MEME version 4.12.0

Alphabet= ACDEFGHIKLMNPQRSTVWY

Background letter frequencies
A 0.073164 C 0.018163 D 0.051739 E 0.062340 F 0.040283 G 0.069328 H 0.022428 I 0.056282 K 0.058493 L 0.091712 M 0.023067 N 0.046077 P 0.050674 Q 0.040755 R 0.051897 S 0.073802 T 0.059411 V 0.064362 W 0.013341 Y 0.032682 

MOTIF S79.9
letter-probability matrix: alength= 20 w= 7 nsites= 114 E= 0
0.078947	0.013158	0.105263	0.118421	0.026316	0.078947	0.065789	0.013158	0.000000	0.052632	0.039474	0.039474	0.065789	0.000000	0.013158	0.118421	0.052632	0.078947	0.013158	0.026316	
0.080460	0.022989	0.022989	0.080460	0.045977	0.045977	0.022989	0.068966	0.000000	0.103448	0.057471	0.068966	0.057471	0.022989	0.000000	0.149425	0.080460	0.045977	0.000000	0.022989	
0.038835	0.000000	0.077670	0.048544	0.048544	0.067961	0.058252	0.097087	0.000000	0.097087	0.048544	0.067961	0.019417	0.048544	0.000000	0.116505	0.058252	0.077670	0.009709	0.019417	
0.000000	0.000000	0.000000	0.000000	0.000000	0.000000	0.000000	0.000000	0.000000	0.000000	0.000000	0.000000	0.000000	0.000000	0.000000	1.000000	0.000000	0.000000	0.000000	0.000000	
0.070175	0.017544	0.043860	0.061404	0.052632	0.087719	0.052632	0.052632	0.087719	0.078947	0.017544	0.035088	0.043860	0.017544	0.070175	0.087719	0.043860	0.043860	0.000000	0.035088	
0.020408	0.000000	0.030612	0.051020	0.030612	0.122449	0.030612	0.061224	0.091837	0.091837	0.010204	0.040816	0.040816	0.051020	0.040816	0.142857	0.061224	0.040816	0.010204	0.030612	
0.047059	0.011765	0.047059	0.035294	0.047059	0.058824	0.023529	0.047059	0.070588	0.129412	0.011765	0.058824	0.047059	0.023529	0.058824	0.070588	0.047059	0.117647	0.023529	0.023529	

MOTIF T79.9
letter-probability matrix: alength= 20 w= 7 nsites= 90 E= 0
0.058824	0.000000	0.019608	0.117647	0.137255	0.039216	0.000000	0.000000	0.000000	0.078431	0.039216	0.098039	0.098039	0.000000	0.000000	0.078431	0.058824	0.117647	0.019608	0.039216	
0.076923	0.000000	0.123077	0.107692	0.061538	0.076923	0.000000	0.092308	0.015385	0.061538	0.015385	0.092308	0.061538	0.030769	0.015385	0.061538	0.030769	0.030769	0.046154	0.000000	
0.051282	0.038462	0.089744	0.102564	0.038462	0.038462	0.000000	0.051282	0.000000	0.115385	0.012821	0.012821	0.064103	0.025641	0.000000	0.089744	0.076923	0.115385	0.012821	0.064103	
0.000000	0.000000	0.000000	0.000000	0.000000	0.000000	0.000000	0.000000	0.000000	0.000000	0.000000	0.000000	0.000000	0.000000	0.000000	0.000000	1.000000	0.000000	0.000000	0.000000	
0.077778	0.011111	0.077778	0.111111	0.055556	0.100000	0.033333	0.055556	0.033333	0.066667	0.000000	0.055556	0.033333	0.022222	0.044444	0.066667	0.077778	0.055556	0.000000	0.022222	
0.096386	0.000000	0.060241	0.048193	0.072289	0.036145	0.012048	0.036145	0.060241	0.096386	0.000000	0.072289	0.096386	0.036145	0.060241	0.084337	0.036145	0.072289	0.012048	0.012048	
0.067568	0.000000	0.121622	0.108108	0.054054	0.040541	0.027027	0.040541	0.081081	0.054054	0.027027	0.000000	0.108108	0.040541	0.040541	0.054054	0.040541	0.067568	0.000000	0.027027	

MOTIF Y79.9
letter-probability matrix: alength= 20 w= 7 nsites= 48 E= 0
0.125000	0.000000	0.041667	0.000000	0.125000	0.083333	0.000000	0.125000	0.000000	0.041667	0.041667	0.041667	0.041667	0.083333	0.000000	0.041667	0.083333	0.125000	0.000000	0.000000	
0.000000	0.000000	0.000000	0.083333	0.208333	0.125000	0.000000	0.041667	0.000000	0.291667	0.000000	0.083333	0.000000	0.041667	0.000000	0.041667	0.041667	0.041667	0.000000	0.000000	
0.030303	0.030303	0.030303	0.181818	0.121212	0.060606	0.000000	0.090909	0.000000	0.121212	0.000000	0.030303	0.030303	0.060606	0.000000	0.121212	0.030303	0.030303	0.030303	0.000000	
0.000000	0.000000	0.000000	0.000000	0.000000	0.000000	0.000000	0.000000	0.000000	0.000000	0.000000	0.000000	0.000000	0.000000	0.000000	0.000000	0.000000	0.000000	0.000000	1.000000	
0.104167	0.000000	0.000000	0.083333	0.020833	0.041667	0.020833	0.020833	0.104167	0.083333	0.000000	0.062500	0.020833	0.000000	0.104167	0.062500	0.104167	0.125000	0.020833	0.020833	
0.051282	0.000000	0.128205	0.025641	0.076923	0.076923	0.025641	0.076923	0.076923	0.102564	0.000000	0.025641	0.025641	0.076923	0.051282	0.025641	0.000000	0.128205	0.000000	0.025641	
0.029412	0.000000	0.000000	0.088235	0.058824	0.176471	0.000000	0.000000	0.088235	0.088235	0.000000	0.058824	0.029412	0.000000	0.029412	0.147059	0.000000	0.176471	0.029412	0.000000	

